1.0
1.3111339374215643
1.7190722018585745
2.2539339047347906
2.955209235202887
3.874675120456131
5.0802180469130205
6.6608462908091575
8.733261623828433
11.450475699382817
15.013107289081734
19.68419447286612
25.808615404180742
33.83855153428233
44.366873309786115
58.170913293743574
76.26985859023443
100.0
131.11339374215643
171.90722018585745
225.39339047347912
295.52092352028876
387.4675120456132
508.0218046913023
666.0846290809154
873.3261623828429
1145.0475699382812
1501.3107289081727
1968.4194472866113
2580.861540418074
3383.8551534282333
4436.6873309786115
5817.091329374358
7626.9858590234435
10000.0
